 01/01/2014  2014     1     1            9.08      68   19.00    13.6    18.0     9.0      75      89      64    0.00
 01/02/2014  2014     2     2            8.75     124   18.00    17.0    18.0    15.0      84      89      78    0.00
 01/03/2014  2014     3     3           11.13      90   18.00    17.7    20.0    17.0      90      95      86    0.00
 01/04/2014  2014     4     4           10.46      70   21.00    16.0    22.0    11.0      85      93      82    0.00
 01/05/2014  2014     5     5           10.88      62   18.00    12.9    20.0     8.0      82      94      77    0.00
 01/06/2014  2014     6     6            9.17      82   15.00    21.5    25.0    19.0      93      97      86    0.00
 01/07/2014  2014     7     7            8.79      60   14.00    17.9    21.0    13.0      86      95      75    0.00
 01/08/2014  2014     8     8           12.17      48   19.00    11.6    14.0     9.0      85      93      74    0.00
 01/09/2014  2014     9     9           11.50      49   17.00     3.4    11.0    -4.0      77      92      65    0.00
 01/10/2014  2014    10    10            2.88     112   11.00   -18.8    -4.0   -27.0      73      79      63    0.00
 01/11/2014  2014    11    11            2.12      91    4.00   -28.2   -25.0   -30.0      73      76      71    0.00
 01/12/2014  2014    12    12            1.96      79    5.00   -32.7   -27.0   -36.0      69      73      67    0.00
 01/13/2014  2014    13    13            1.92      94    5.00   -34.2   -31.0   -39.0      68      70      65    0.00
 01/14/2014  2014    14    14            3.21     276    6.00   -13.3    -6.0   -29.0      79      83      71    0.00
 01/15/2014  2014    15    15            3.21      54    6.00   -24.6   -18.0   -35.0      75      78      67    0.00
 01/16/2014  2014    16    16            1.04     209    5.00   -31.3   -25.0   -37.0      70      74      66    0.00
 01/17/2014  2014    17    17           13.46      41   27.00    -3.7    14.0   -31.0      81      94      69    0.00
 01/18/2014  2014    18    18           11.79      88   22.00    14.0    18.0     9.0      92      96      87    0.00
 01/19/2014  2014    19    19            8.62     128   14.00    18.8    23.0    12.0      92      94      89    0.00
 01/20/2014  2014    20    20           13.71      80   22.00    25.0    30.0    16.0      84      89      80    0.00
 01/21/2014  2014    21    21            7.92      89   17.00    26.7    32.0    21.0      82      95      78    0.00
 01/22/2014  2014    22    22            8.00     110   16.00    29.8    35.0    24.0      94      99      88    0.00
 01/23/2014  2014    23    23            8.58      99   16.00    34.7    37.0    33.0      93     100      83    0.01
 01/24/2014  2014    24    24            9.25     117   18.00    36.7    37.0    35.0      93     100      88    0.10
 01/25/2014  2014    25    25            6.92      88   16.00    34.4    37.0    31.0      93      99      83    0.01
 01/26/2014  2014    26    26            7.33      80   12.00    32.1    37.0    28.0      86      91      80    0.00
 01/27/2014  2014    27    27           10.21      69   16.00    32.6    41.0    30.0      84      91      69    0.00
 01/28/2014  2014    28    28            6.79      71   14.00    28.1    34.0    23.0      88      94      78    0.00
 01/29/2014  2014    29    29            7.46      66   12.00    22.1    29.0    15.0      93      96      90    0.00
 01/30/2014  2014    30    30            7.75      64   13.00    13.1    16.0    11.0      92      94      87    0.00
 01/31/2014  2014    31    31            8.62     115   17.00    25.2    30.0    15.0      93      97      84    0.00
 02/01/2014  2014    32    32            4.46     193   11.00    25.1    28.0    21.0      97     100      93    0.00
 02/02/2014  2014    33    33            2.67     333   11.00     6.8    20.0     0.0      91      95      88    0.00
 02/03/2014  2014    34    34           10.75      79   33.00    16.6    29.0     6.0      84      97      73    0.00
 02/04/2014  2014    35    35            7.42     119   18.00    21.4    26.0    14.0      83      96      73    0.00
 02/05/2014  2014    36    36            3.33     175    9.00    25.1    30.0    22.0      99     100      93    0.00
 02/06/2014  2014    37    37            7.38     325   17.00    15.2    24.0     3.0      88     100      73    0.00
 02/07/2014  2014    38    38            4.75     330   16.00     2.4     8.0    -2.0      76      84      69    0.00
 02/08/2014  2014    39    39            2.58      92    7.00   -12.0    -6.0   -15.0      81      88      74    0.00
 02/09/2014  2014    40    40            2.67      29   10.00   -12.9    -7.0   -19.0      82      87      77    0.00
 02/10/2014  2014    41    41            3.25      75   10.00   -12.3    -5.0   -21.0      81      85      75    0.00
 02/11/2014  2014    42    42            5.29     293   12.00    -8.0    -1.0   -19.0      82      87      77    0.00
 02/12/2014  2014    43    43            5.29     323    9.00   -22.4   -15.0   -30.0      70      76      62    0.00
 02/13/2014  2014    44    44            4.33     300    9.00   -30.7   -24.0   -36.0      66      71      59    0.00
 02/14/2014  2014    45    45            2.96     358    9.00   -29.6   -22.0   -39.0      67      75      57    0.00
 02/15/2014  2014    46    46            9.88      20   28.00   -10.7    -1.0   -22.0      70      84      59    0.00
 02/16/2014  2014    47    47           14.88      38   25.00    -5.0    -1.0   -10.0      84      86      81    0.00
 02/17/2014  2014    48    48           11.92      41   20.00   -10.9    -8.0   -15.0      73      80      67    0.00
 02/18/2014  2014    49    49            5.00      15   12.00   -16.6   -12.0   -22.0      66      71      57    0.00
 02/19/2014  2014    50    50            5.46      26   12.00   -18.2    -7.0   -29.0      65      74      54    0.00
 02/20/2014  2014    51    51            2.50      71    5.00   -25.5   -14.0   -31.0      68      75      49    0.00
 02/21/2014  2014    52    52            7.17      65   12.00   -19.4   -12.0   -30.0      72      76      67    0.00
 02/22/2014  2014    53    53            9.38      77   17.00     4.7    16.0   -12.0      74      79      68    0.00
 02/23/2014  2014    54    54            8.58      78   15.00    13.0    18.0     8.0      68      77      59    0.00
 02/24/2014  2014    55    55            8.46      67   13.00     4.5    11.0     0.0      68      75      60    0.00
 02/25/2014  2014    56    56            8.92      90   17.00    11.6    17.0     0.0      73      91      63    0.00
 02/26/2014  2014    57    57           11.79      63   21.00    19.4    30.0    10.0      75      81      66    0.00
 02/27/2014  2014    58    58            6.29      77   13.00    29.2    33.0    25.0      70      80      51    0.00
 02/28/2014  2014    59    59           10.63     134   20.00    29.3    31.0    27.0      71      78      61    0.00
 03/01/2014  2014    60    60            3.75      93   14.00    26.7    32.0    19.0      87      99      75    0.00
 03/02/2014  2014    61    61            8.42     280   21.00    12.1    23.0     3.0      89      98      80    0.00
 03/03/2014  2014    62    62            6.83     352   12.00     6.1     9.0     4.0      78      91      67    0.00
 03/04/2014  2014    63    63           10.04      27   15.00     2.3     5.0    -3.0      67      77      60    0.00
 03/05/2014  2014    64    64            6.71      20   15.00    -3.4     4.0   -13.0      65      72      58    0.00
 03/06/2014  2014    65    65            4.92      33   13.00    -4.2     7.0   -17.0      62      76      49    0.00
 03/07/2014  2014    66    66            4.83     356   13.00    -4.8     6.0   -18.0      63      82      50    0.00
 03/08/2014  2014    67    67            3.25     351   13.00   -11.9     0.0   -22.0      71      83      53    0.00
 03/09/2014  2014    68    68            3.92      12   10.00   -12.0    -2.0   -21.0      64      77      50    0.00
 03/10/2014  2014    69    69            6.75      49   14.00   -13.2    -3.0   -24.0      68      79      58    0.00
 03/11/2014  2014    70    70            5.83     322   15.00     0.0     5.0    -4.0      79      87      63    0.00
 03/12/2014  2014    71    71            4.33     340   10.00    -0.1     8.0    -5.0      83      89      68    0.00
 03/13/2014  2014    72    72           10.00      77   18.00    22.2    32.0     2.0      84      95      72    0.00
 03/14/2014  2014    73    73            6.42     292   15.00    16.5    28.0     4.0      79      88      60    0.00
 03/15/2014  2014    74    74            6.79     176   14.00     3.9     9.0   -11.0      81      90      72    0.00
 03/16/2014  2014    75    75           10.67      73   17.00     0.6    20.0   -12.0      75      81      69    0.00
 03/17/2014  2014    76    76           10.04      94   17.00    22.3    26.0    19.0      83      93      73    0.00
 03/18/2014  2014    77    77           10.00     263   20.00    14.5    24.0     3.0      84      91      75    0.00
 03/19/2014  2014    78    78            5.38     320   14.00    -2.0     9.0    -9.0      76      85      50    0.00
 03/20/2014  2014    79    79            7.00      61   11.00     1.2    14.0   -11.0      76      87      68    0.00
 03/21/2014  2014    80    80            6.43      73   14.00    10.0    21.0     2.0      73      82      57    0.00
 03/22/2014  2014    81    81            2.92      89    9.00     5.2    23.0    -7.0      73      91      50    0.00
 03/23/2014  2014    82    82            8.29      62   13.00    13.5    25.0     2.0      70      82      60    0.00
 03/24/2014  2014    83    83            8.21      61   13.00    18.2    28.0    11.0      66      73      55    0.00
 03/25/2014  2014    84    84           12.13      85   27.00    28.2    34.0    22.0      56      65      48    0.00
 03/26/2014  2014    85    85            5.12      90   13.00    23.2    34.0    14.0      56      68      33    0.00
 03/27/2014  2014    86    86            3.21     249    8.00     8.5    17.0    -3.0      80      95      66    0.00
 03/28/2014  2014    87    87            1.62      22    5.00     4.2    25.0    -8.0      81      93      56    0.00
 03/29/2014  2014    88    88            3.70      74    8.00    11.1    25.0    -9.0      71      91      57    0.00
 03/30/2014  2014    89    89            3.67     257   10.00     8.4    18.0    -3.0      79      96      47    0.00
 03/31/2014  2014    90    90            2.08     312    5.00     8.4    20.0    -3.0      81      93      53    0.00
 04/01/2014  2014    91    91            1.42     308    5.00     0.6    17.0   -14.0      76      93      49    0.00
 04/02/2014  2014    92    92            1.38      67    4.00     2.5    20.0   -12.0      77      91      47    0.00
 04/03/2014  2014    93    93            5.54      52   11.00    11.5    23.0     2.0      75      87      58    0.00
 04/04/2014  2014    94    94            3.75     292    9.00     5.2    14.0    -4.0      83      92      72    0.00
 04/05/2014  2014    95    95            6.21     291   11.00     0.8     9.0    -7.0      82      93      74    0.00
 04/06/2014  2014    96    96            5.29     273   11.00    -2.7     8.0   -11.0      82      88      73    0.00
 04/07/2014  2014    97    97            6.12     277   16.00    -4.6     7.0   -17.0      79      89      73    0.00
 04/08/2014  2014    98    98            5.88     282   14.00    -7.0     4.0   -18.0      77      85      69    0.00
 04/09/2014  2014    99    99            4.58      68    9.00    -5.4     7.0   -21.0      73      88      64    0.00
 04/10/2014  2014   100   100            5.54      55   10.00     4.6    22.0    -6.0      71      90      59    0.00
 04/11/2014  2014   101   101            5.46      79   10.00     3.1    16.0   -12.0      77      90      66    0.00
 04/12/2014  2014   102   102            9.12      86   16.00    17.3    29.0     5.0      78      99      63    0.00
 04/13/2014  2014   103   103            9.29     106   15.00    31.3    37.0    25.0      94     100      87    0.00
 04/14/2014  2014   104   104            6.88     137   14.00    37.8    43.0    32.0      88      98      75    0.01
 04/15/2014  2014   105   105            3.50     298    8.00    33.3    52.0    23.0      82     100      50    0.00
 04/16/2014  2014   106   106            4.83     326   10.00    26.9    38.0    13.0      83      98      51    0.00
 04/17/2014  2014   107   107            6.67      19   13.00    29.7    38.0    19.0      77      89      66    0.00
 04/18/2014  2014   108   108           10.04      46   15.00    32.0    37.0    27.0      76      83      69    0.00
 04/19/2014  2014   109   109            7.92      54   13.00    32.6    42.0    24.0      76      87      60    0.00
 04/20/2014  2014   110   110            8.08      53   13.00    32.1    41.0    23.0      76      85      62    0.00
 04/21/2014  2014   111   111            7.58      77   13.00    34.3    44.0    24.0      78      91      59    0.00
 04/22/2014  2014   112   112            6.83      67   13.00    37.5    44.0    32.0      77      88      62    0.00
 04/23/2014  2014   113   113            6.83      50   11.00    35.6    44.0    27.0      76      90      56    0.00
 04/24/2014  2014   114   114            7.42      59   11.00    36.2    44.0    25.0      73      92      56    0.00
 04/25/2014  2014   115   115            5.79      65    9.00    40.4    49.0    30.0      72      92      53    0.01
 04/26/2014  2014   116   116            6.96      56   11.00    41.2    51.0    33.0      71      88      47    0.00
 04/27/2014  2014   117   117            6.38      28   12.00    41.0    52.0    30.0      67      96      44    0.00
 04/28/2014  2014   118   118            3.88     260    9.00    41.5    57.0    27.0      69     100      34    0.00
 04/29/2014  2014   119   119            5.88     229   16.00    37.1    41.0    31.0      76      90      61    0.00
 04/30/2014  2014   120   120            6.17     143   16.00    41.5    53.0    29.0      71      97      41    0.01
 05/01/2014  2014   121   121            5.46     211   15.00    47.8    60.0    35.0      54      78      30    0.00
 05/02/2014  2014   122   122            3.33      26    9.00    46.0    61.0    28.0      62      96      34    0.00
 05/03/2014  2014   123   123            4.67     273   12.00    42.2    58.0    27.0      69     100      34    0.00
 05/04/2014  2014   124   124            7.96     266   18.00    30.5    35.0    25.0      82     100      65    0.00
 05/05/2014  2014   125   125            4.75     223   15.00    30.8    39.0    21.0      61      79      43    0.00
 05/06/2014  2014   126   126            4.50     293   11.00    32.8    40.0    27.0      72      92      49    0.00
 05/07/2014  2014   127   127            7.21     277   15.00    31.7    37.0    22.0      67      98      33    0.00
 05/08/2014  2014   128   128            3.17     220    9.00    34.9    48.0    20.0      61     100      33    0.00
 05/09/2014  2014   129   129            4.83     196   13.00    40.9    48.0    33.0      74      96      57    0.00
 05/10/2014  2014   130   130            3.96     207    9.00    47.5    60.0    38.0      72      99      40    0.01
 05/11/2014  2014   131   131            5.17     254   12.00    48.7    65.0    34.0      71      97      40    0.00
 05/12/2014  2014   132   132            4.50     259   15.00    43.0    58.0    30.0      75     100      46    0.00
 05/13/2014  2014   133   133            8.29     273   18.00    37.3    44.0    30.0      78     100      56    0.05
 05/14/2014  2014   134   134            3.17     166    9.00    45.4    63.0    26.0      58      95      20    0.00
 05/15/2014  2014   135   135            5.17     239   15.00    48.8    61.0    37.0      57      88      24    0.00
 05/16/2014  2014   136   136            4.54     244   12.00    41.9    47.0    37.0      87     100      72    0.00
 05/17/2014  2014   137   137            9.67     271   21.00    37.2    43.0    31.0      87     100      72    0.07
 05/18/2014  2014   138   138            7.33     320   16.00    35.8    45.0    28.0      65      90      41    0.00
 05/19/2014  2014   139   139            6.12     276   13.00    36.4    47.0    23.0      69      99      45    0.00
 05/20/2014  2014   140   140            6.29     276   16.00    37.3    46.0    28.0      83      99      59    0.04
 05/21/2014  2014   141   141            8.00       2   18.00    41.8    53.0    29.0      53      88      28    0.00
 05/22/2014  2014   142   142            9.50     322   17.00    41.5    50.0    30.0      60      97      35    0.00
 05/23/2014  2014   143   143            7.75     278   14.00    36.0    47.0    28.0      74     100      55    0.00
 05/24/2014  2014   144   144            4.75     235   14.00    38.0    50.0    25.0      71      99      50    0.00
 05/25/2014  2014   145   145            6.12     250   12.00    39.3    47.0    34.0      83      99      63    0.00
 05/26/2014  2014   146   146            4.00     226    9.00    42.6    50.0    36.0      77      96      54    0.00
 05/27/2014  2014   147   147            3.38     140   10.00    48.9    58.0    39.0      72      98      45    0.00
 05/28/2014  2014   148   148            5.62     159   12.00    50.0    60.0    44.0      90     100      57    0.19
 05/29/2014  2014   149   149            7.29     117   15.00    50.5    57.0    43.0      90     100      73    0.06
 05/30/2014  2014   150   150            6.46     106   17.00    54.4    62.0    47.0      77     100      53    0.10
 05/31/2014  2014   151   151            6.92     340   14.00    49.5    56.0    38.0      92     100      77    0.13
 06/01/2014  2014   152   152            5.08     261   13.00    37.8    43.0    34.0      94     100      80    0.06
 06/02/2014  2014   153   153            4.12     252    9.00    45.3    53.0    39.0      73     100      50    0.01
 06/03/2014  2014   154   154            2.50     216    8.00    48.0    57.0    36.0      69      97      46    0.00
 06/04/2014  2014   155   155            3.96     250   10.00    48.4    54.0    42.0      83      92      72    0.00
 06/05/2014  2014   156   156            7.17     273   13.00    45.7    56.0    36.0      78      96      54    0.00
 06/06/2014  2014   157   157            7.96     276   15.00    41.8    50.0    34.0      82     100      59    0.00
 06/07/2014  2014   158   158            4.83       1   14.00    45.5    56.0    33.0      85     100      65    0.05
 06/08/2014  2014   159   159            5.29     274   12.00    48.7    56.0    41.0      87     100      75    0.17
 06/09/2014  2014   160   160            6.50     279   14.00    48.2    57.0    42.0      79      98      50    0.18
 06/10/2014  2014   161   161            4.75     320   11.00    53.6    64.0    37.0      57      98      33    0.00
 06/11/2014  2014   162   162            9.58     278   19.00    42.7    47.0    39.0      84      91      75    0.00
 06/12/2014  2014   163   163            6.29     254   21.00    47.7    60.0    35.0      72     100      42    0.02
 06/13/2014  2014   164   164            6.50      44   14.00    57.7    68.0    43.0      54      90      23    0.00
 06/14/2014  2014   165   165            6.96     284   12.00    52.2    61.0    45.0      70      87      56    0.00
 06/15/2014  2014   166   166            5.21     269   10.00    51.8    63.0    42.0      74      95      52    0.00
 06/16/2014  2014   167   167            3.46     281    7.00    52.6    62.0    44.0      83      99      62    0.17
 06/17/2014  2014   168   168            4.25     343   13.00    54.8    66.0    45.0      86     100      53    0.17
 06/18/2014  2014   169   169            7.50     274   15.00    53.4    64.0    45.0      85      98      63    0.01
 06/19/2014  2014   170   170            8.33     274   15.00    48.0    55.0    42.0      84      98      69    0.00
 06/20/2014  2014   171   171            4.96     267   12.00    54.0    70.0    41.0      70     100      48    0.00
 06/21/2014  2014   172   172            5.75     272   14.00    62.0    75.0    46.0      67     100      41    0.00
 06/22/2014  2014   173   173            5.25     236   13.00    54.6    65.0    51.0      87      97      63    0.11
 06/23/2014  2014   174   174            3.83     251    9.00    59.0    70.0    49.0      71     100      34    0.05
 06/24/2014  2014   175   175            3.88     226   12.00    61.7    73.0    47.0      63      94      40    0.00
 06/25/2014  2014   176   176            8.67     285   17.00    57.8    67.0    49.0      71      94      50    0.00
 06/26/2014  2014   177   177           11.33     275   19.00    52.9    58.0    47.0      86      98      75    0.00
 06/27/2014  2014   178   178           10.13     278   18.00    47.5    52.0    44.0      89     100      77    0.00
 06/28/2014  2014   179   179            5.54     242   16.00    51.6    63.0    44.0      82      95      53    0.00
 06/29/2014  2014   180   180            3.17     295    9.00    54.5    64.0    44.0      78      99      55    0.00
 06/30/2014  2014   181   181            3.83     272   10.00    59.6    70.0    48.0      64     100      35    0.00
 07/01/2014  2014   182   182            4.38     246   13.00    60.0    68.0    54.0      66      88      45    0.01
 07/02/2014  2014   183   183            4.12     240   10.00    57.0    65.0    52.0      78      92      57    0.00
 07/03/2014  2014   184   184            5.00     274   10.00    57.4    66.0    49.0      70      91      42    0.00
 07/04/2014  2014   185   185            3.29      86    8.00    60.5    71.0    43.0      65      98      39    0.00
 07/05/2014  2014   186   186            3.88     291   11.00    64.8    80.0    48.0      60      97      30    0.00
 07/06/2014  2014   187   187            3.92      49    9.00    71.7    87.0    52.0      52      92      22    0.00
 07/07/2014  2014   188   188            6.92      88   26.00    69.9    85.0    56.0      66      89      30    0.06
 07/08/2014  2014   189   189            5.79     267   13.00    62.5    68.0    59.0      81      94      63    0.01
 07/09/2014  2014   190   190            4.38     265   11.00    62.2    72.0    57.0      80      94      52    0.01
 07/10/2014  2014   191   191            5.29      66   19.00    65.6    77.0    52.0      72     100      37    0.04
 07/11/2014  2014   192   192            6.33      67   13.00    60.6    64.0    56.0      90      96      79    0.45
 07/12/2014  2014   193   193            5.33     237   15.00    60.2    69.0    55.0      87     100      64    0.07
 07/13/2014  2014   194   194            7.46     242   17.00    54.5    58.0    48.0      91      99      77    0.25
 07/14/2014  2014   195   195            9.08     259   16.00    56.1    62.0    52.0      87     100      67    0.32
 07/15/2014  2014   196   196            6.21     218   13.00    53.5    58.0    51.0      96     100      84    0.15
 07/16/2014  2014   197   197            5.71     215   14.00    52.4    57.0    51.0      95     100      83    0.19
 07/17/2014  2014   198   198            5.79     251   11.00    49.6    52.0    44.0      96     100      88    0.39
 07/18/2014  2014   199   199            8.46     282   18.00    45.9    52.0    39.0      79      99      65    0.00
 07/19/2014  2014   200   200            5.46     153   15.00    46.2    53.0    42.0      91      99      75    0.29
 07/20/2014  2014   201   201            7.38     248   17.00    46.8    54.0    39.0      81     100      58    0.06
 07/21/2014  2014   202   202            6.17     178   12.00    50.1    53.0    46.0      90     100      83    0.08
 07/22/2014  2014   203   203            5.88     271   14.00    51.2    58.0    46.0      83     100      69    0.43
 07/23/2014  2014   204   204            5.62     225   14.00    46.1    51.0    40.0      95     100      86    0.18
 07/24/2014  2014   205   205            6.71     329   17.00    50.5    57.0    45.0      73     100      45    0.01
 07/25/2014  2014   206   206            5.50     338   12.00    49.7    60.0    37.0      60      87      39    0.00
 07/26/2014  2014   207   207            4.83     288   13.00    50.5    62.0    34.0      67      97      38    0.00
 07/27/2014  2014   208   208            5.04     106   11.00    50.5    62.0    37.0      79     100      49    0.12
 07/28/2014  2014   209   209            4.88      46   10.00    59.0    73.0    47.0      65     100      29    0.01
 07/29/2014  2014   210   210            5.67     294   11.00    57.8    70.0    40.0      66      96      43    0.00
 07/30/2014  2014   211   211            4.62     260   12.00    58.5    66.0    50.0      79     100      59    0.00
 07/31/2014  2014   212   212            3.13     216    9.00    56.8    61.0    52.0      94     100      81    0.02
 08/01/2014  2014   213   213            5.54     267   13.00    60.0    68.0    55.0      85      98      70    0.02
 08/02/2014  2014   214   214            4.92     267   12.00    62.4    73.0    54.0      74     100      55    0.00
 08/03/2014  2014   215   215            4.08     347   10.00    63.0    77.0    46.0      60      99      33    0.00
 08/04/2014  2014   216   216            5.21      38    8.00    63.9    79.0    48.0      60      91      33    0.00
 08/05/2014  2014   217   217            4.42      22   11.00    67.0    83.0    50.0      59      87      31    0.00
 08/06/2014  2014   218   218            4.79     117   11.00    66.0    79.0    53.0      66     100      30    0.00
 08/07/2014  2014   219   219            5.00     100   11.00    55.8    60.0    50.0      96     100      89    0.40
 08/08/2014  2014   220   220            9.33      81   22.00    62.4    74.0    51.0      71      98      42    0.01
 08/09/2014  2014   221   221            9.29      72   18.00    65.0    76.0    53.0      59      90      33    0.00
 08/10/2014  2014   222   222            8.67      73   18.00    64.8    77.0    54.0      61      85      33    0.00
 08/11/2014  2014   223   223            8.04      80   18.00    64.5    77.0    51.0      61      92      36    0.00
 08/12/2014  2014   224   224            6.29      64   17.00    61.8    74.0    53.0      76      91      50    0.29
 08/13/2014  2014   225   225            6.29      86   14.00    62.6    73.0    53.0      74      97      51    0.00
 08/14/2014  2014   226   226            5.12      84   13.00    61.7    70.0    53.0      78      97      61    0.04
 08/15/2014  2014   227   227            6.88      78   14.00    60.8    72.0    51.0      79     100      52    0.00
 08/16/2014  2014   228   228            5.58     124   12.00    59.5    69.0    51.0      82     100      52    0.05
 08/17/2014  2014   229   229            4.83      89   10.00    54.9    64.0    46.0      89     100      71    0.05
 08/18/2014  2014   230   230            4.83     237   15.00    55.5    65.0    47.0      85     100      56    0.04
 08/19/2014  2014   231   231            3.29     255  194.00    53.4    62.0    43.0      35     100      13    0.00
 08/20/2014  2014   232   232     163    6.17     291   15.00    53.0    56.0    45.0      82     100      13    0.09
 08/21/2014  2014   233   233     412    7.67     278   22.00    54.4    64.0    45.0      79     100      53    0.00
 08/22/2014  2014   234   234     275    2.92     271   15.00    52.7    62.0    40.0      84     100      62    0.24
 08/23/2014  2014   235   235     470    4.21     108   10.00    54.5    68.0    40.0      72     100      37    0.00
 08/24/2014  2014   236   236     464    6.29      62   15.00    54.4    70.0    38.0      70     100      35    0.00
 08/25/2014  2014   237   237     440    7.42      59   16.00    55.9    68.0    43.0      71      92      44    0.00
 08/26/2014  2014   238   238     327    8.71     262   22.00    53.9    60.0    47.0      84     100      63    0.00
 08/27/2014  2014   239   239     183    5.67     175   16.00    51.2    59.0    45.0      91     100      70    0.11
 08/28/2014  2014   240   240     174    8.25     274   22.00    47.4    51.0    36.0      87     100      62    0.20
 08/29/2014  2014   241   241     418   10.50     296   25.00    40.2    51.0    29.0      74      96      46    0.00
 08/30/2014  2014   242   242     264    7.21     254   23.00    40.3    49.0    32.0      86      97      65    0.05
 08/31/2014  2014   243   243     258    6.50     203   15.00    42.1    50.0    32.0      85     100      54    0.12
 09/01/2014  2014   244   244     241   13.29     259   29.00    46.0    52.0    36.0      84     100      57    0.66
 09/02/2014  2014   245   245     267   12.71     276   35.00    39.4    46.0    30.0      80      95      58    0.03
 09/03/2014  2014   246   246     302    7.71     284   20.00    38.6    48.0    30.0      73      97      47    0.00
 09/04/2014  2014   247   247     412    6.00      60   20.00    38.8    52.0    27.0      75     100      40    0.00
 09/05/2014  2014   248   248     399    9.96      54   22.00    39.3    54.0    28.0      58      87      23    0.00
 09/06/2014  2014   249   249     404    7.62      68   16.00    41.2    57.0    26.0      54      86      23    0.00
 09/07/2014  2014   250   250     399    6.12      80   13.00    41.7    59.0    28.0      59      90      24    0.00
 09/08/2014  2014   251   251     387    9.58      77   19.00    44.6    63.0    29.0      58      87      24    0.00
 09/09/2014  2014   252   252     134    8.42      71   17.00    49.4    60.0    39.0      61      72      47    0.00
 09/10/2014  2014   253   253      97    8.00      88   16.00    48.8    53.0    44.0      85     100      66    0.08
 09/11/2014  2014   254   254     222    7.50      75   19.00    52.9    61.0    46.0      87     100      68    0.01
 09/12/2014  2014   255   255     254   14.58      79   35.00    57.3    67.0    49.0      67      94      44    0.00
 09/13/2014  2014   256   256      88    8.17      88   19.00    55.2    61.0    49.0      86     100      68    0.31
 09/14/2014  2014   257   257     203    7.12      70   18.00    52.3    61.0    43.0      88      99      66    0.01
 09/15/2014  2014   258   258     272    7.21      52   18.00    53.3    67.0    44.0      86     100      55    0.01
 09/16/2014  2014   259   259     152    5.58     153   15.00    51.1    60.0    44.0      90     100      62    0.79
 09/17/2014  2014   260   260     235    6.42      56   13.00    48.8    60.0    40.0      81      99      48    0.00
 09/18/2014  2014   261   261     284    8.04      23   16.00    49.8    62.0    43.0      72      89      44    0.00
 09/19/2014  2014   262   262      81    5.92     332   14.00    45.6    52.0    40.0      78      99      60    0.01
 09/20/2014  2014   263   263     129    6.58     330   17.00    40.4    46.0    30.0      76      99      47    0.00
 09/21/2014  2014   264   264     288    7.79     328   23.00    33.9    45.0    26.0      70      91      40    0.00
 09/22/2014  2014   265   265      55    8.96     200   24.00    36.0    45.0    25.0      94      98      88    0.35
 09/23/2014  2014   266   266     272    7.42     274   17.00    34.5    44.0    25.0      79      95      48    0.00
 09/24/2014  2014   267   267     118    4.21     183   13.00    35.1    44.0    29.0      84      97      65    0.00
 09/25/2014  2014   268   268      96    4.46      85   10.00    35.8    43.0    29.0      88      94      79    0.00
 09/26/2014  2014   269   269     232    9.38      53   19.00    35.3    48.0    29.0      75      93      44    0.00
 09/27/2014  2014   270   270     191    5.92      89   12.00    33.5    46.0    23.0      76      94      49    0.00
 09/28/2014  2014   271   271      82   10.38     196   26.00    38.0    43.0    35.0      90      99      67    0.44
 09/29/2014  2014   272   272     104   13.58     277   30.00    35.7    40.0    33.0      91      97      73    0.04
 09/30/2014  2014   273   273      81    9.67     255   24.00    37.1    42.0    33.0      85      94      71    0.00
 10/01/2014  2014   274   274      52    4.71     235   15.00    39.5    45.0    34.0      96     100      88    0.02
 10/02/2014  2014   275   275      65    6.75     309   15.00    34.6    39.0    26.0      91     100      72    0.00
 10/03/2014  2014   276   276     211   10.67     355   24.00    28.7    38.0    22.0      69      88      45    0.00
 10/04/2014  2014   277   277     206   12.67     353   28.00    26.9    36.0    19.0      64      83      40    0.00
 10/05/2014  2014   278   278     207   11.17     351   23.00    23.9    34.0    17.0      67      85      40    0.00
 10/06/2014  2014   279   279     200    9.25     343   17.00    22.7    33.0    16.0      68      85      39    0.00
 10/07/2014  2014   280   280     191    6.62     348   18.00    23.9    35.0    14.0      67      84      41    0.00
 10/08/2014  2014   281   281     139    6.92      66   17.00    23.4    29.0    11.0      73      94      46    0.00
 10/09/2014  2014   282   282     186    7.58      35   16.00    17.9    30.0     8.0      69      83      42    0.00
 10/10/2014  2014   283   283     180   19.50      24   37.00    24.5    31.0    19.0      57      74      43    0.00
 10/11/2014  2014   284   284      46   17.25      30   29.00    24.6    27.0    21.0      70      87      59    0.00
 10/12/2014  2014   285   285      50   11.50      38   25.00    27.6    30.0    25.0      78      92      68    0.00
 10/13/2014  2014   286   286      33    5.38     336   12.00    29.1    32.0    27.0      78      97      68    0.00
 10/14/2014  2014   287   287      28    3.75     309    8.00    26.5    30.0    23.0      94      97      84    0.00
 10/15/2014  2014   288   288      20    1.71     303    6.00    22.3    26.0    19.0      93      96      90    0.01
 10/16/2014  2014   289   289      20    0.33      29    5.00    19.0    25.0     7.0      92      95      85    0.00
 10/17/2014  2014   290   290      14    0.04     319    2.00    14.3    23.0     0.0      89      95      80    0.00
 10/18/2014  2014   291   291      18    4.33      49   16.00    20.7    29.0    10.0      84      94      74    0.00
 10/19/2014  2014   292   292      50   10.29      37   19.00    25.4    28.0    23.0      75      82      73    0.00
 10/20/2014  2014   293   293      44    9.08      32   21.00    27.0    30.0    24.0      76      81      71    0.00
 10/21/2014  2014   294   294     105    9.58      38   19.00    23.8    31.0    17.0      77      83      67    0.00
 10/22/2014  2014   295   295     111    4.12     289   12.00    15.1    24.0     6.0      82      90      70    0.00
 10/23/2014  2014   296   296      44    6.75     105   24.00    13.0    24.0     3.0      85      89      81    0.00
 10/24/2014  2014   297   297      58    8.33     135   23.00    24.8    28.0    22.0      94      97      90    0.00
 10/25/2014  2014   298   298      21   15.25     150   29.00    29.3    32.0    26.0      96     100      91    0.00
 10/26/2014  2014   299   299      38   12.63     154   31.00    26.2    31.0    21.0      96     100      89    0.00
 10/27/2014  2014   300   300      43   17.13     122   34.00    26.6    30.0    25.0      92      95      87    0.00
 10/28/2014  2014   301   301      36    9.38      74   24.00    25.5    29.0    14.0      87      94      80    0.00
 10/29/2014  2014   302   302      47    4.42     282   13.00     8.7    16.0     0.0      86      92      80    0.00
 10/30/2014  2014   303   303      88    1.17     106    7.00    -4.1     0.0   -12.0      76      83      68    0.00
 10/31/2014  2014   304   304      74    9.12      47   25.00    -2.0    10.0   -20.0      72      78      67    0.00
 11/01/2014  2014   305   305      82   13.29      55   25.00     7.7    14.0     3.0      63      68      53    0.00
 11/02/2014  2014   306   306      83   15.58      49   30.00     4.0    10.0    -2.0      55      60      48    0.00
 11/03/2014  2014   307   307      70   10.63      52   25.00     2.9    10.0    -7.0      59      68      54    0.00
 11/04/2014  2014   308   308      43    6.83      60   15.00    -9.5    -3.0   -14.0      72      78      63    0.00
 11/05/2014  2014   309   309      65    9.21      68   19.00    -6.7     3.0   -14.0      70      74      65    0.00
 11/06/2014  2014   310   310      64    9.29      81   18.00     7.0    12.0     3.0      71      77      60    0.00
 11/07/2014  2014   311   311      54    9.38      72   17.00     8.8    13.0     5.0      70      76      63    0.00
 11/08/2014  2014   312   312      18    8.04      77   18.00    15.8    23.0     7.0      75      80      69    0.00
 11/09/2014  2014   313   313      14   13.29      82   26.00    24.3    31.0    17.0      77      89      69    0.00
 11/10/2014  2014   314   314      33   15.67     124   29.00    33.5    37.0    30.0      85      90      77    0.01
 11/11/2014  2014   315   315       9   14.50      97   29.00    34.6    37.0    32.0      78      84      71    0.02
 11/12/2014  2014   316   316      14   10.71      98   22.00    36.2    39.0    34.0      79      88      68    0.00
 11/13/2014  2014   317   317      23    8.92      76   18.00    33.7    36.0    26.0      82      88      76    0.01
 11/14/2014  2014   318   318      33    9.96      74   20.00    23.2    28.0    18.0      84      89      75    0.00
 11/15/2014  2014   319   319      12   10.17      71   19.00    25.7    29.0    22.0      82      85      76    0.00
 11/16/2014  2014   320   320      32   11.29      61   20.00    19.8    22.0    18.0      84      86      81    0.00
 11/17/2014  2014   321   321       8    9.17      79   17.00    19.5    27.0    12.0      82      87      71    0.00
 11/18/2014  2014   322   322      22   14.38      58   26.00    24.8    27.0    21.0      77      84      70    0.00
 11/19/2014  2014   323   323      14   13.29     119   24.00    34.2    37.0    28.0      80      89      70    0.01
 11/20/2014  2014   324   324      16   13.71      67   31.00    26.3    33.0    22.0      81      90      72    0.00
 11/21/2014  2014   325   325       9   20.08      80   34.00    20.6    27.0    14.0      60      73      45    0.00
 11/22/2014  2014   326   326      24   14.25      54   27.00     7.6    15.0     4.0      54      60      45    0.00
 11/23/2014  2014   327   327      22   11.04      56   19.00    -2.1     3.0    -8.0      63      69      58    0.00
 11/24/2014  2014   328   328       7    1.67     267    9.00    -4.3     0.0   -13.0      75      80      68    0.00
 11/25/2014  2014   329   329      16    5.08      68   14.00    -5.5     0.0    -8.0      77      80      73    0.00
 11/26/2014  2014   330   330       5   10.67      68   18.00    -0.6     8.0    -7.0      77      80      75    0.00
 11/27/2014  2014   331   331       6    9.29      81   19.00     8.6    11.0     7.0      74      79      64    0.00
 11/28/2014  2014   332   332       3   12.08      85   22.00    11.0    12.0    10.0      78      86      63    0.00
 11/29/2014  2014   333   333       5   11.79      69   18.00    13.1    15.0    11.0      85      88      83    0.00
 11/30/2014  2014   334   334       3   10.46      69   15.00    17.1    18.0    15.0      90      94      88    0.00
 12/01/2014  2014   335   335       2    9.29      59   15.00     9.6    17.0     5.0      87      93      84    0.00
 12/02/2014  2014   336   336       3    8.00      40   17.00     6.6    15.0    -2.0      77      88      69    0.00
 12/03/2014  2014   337   337       3    9.17      74   17.00    11.2    22.0     2.0      86      95      80    0.00
 12/04/2014  2014   338   338       5   10.17      68   19.00    19.7    21.0    18.0      89      93      84    0.00
 12/05/2014  2014   339   339       6   12.96      52   22.00    13.4    20.0     4.0      79      86      73    0.00
 12/06/2014  2014   340   340       7   14.71      50   27.00    -1.5     3.0    -5.0      65      74      57    0.00
 12/07/2014  2014   341   341       3   19.79      57   34.00     2.4     5.0    -2.0      58      64      55    0.00
 12/08/2014  2014   342   342       6   19.58      49   37.00     8.7    10.0     4.0      58      62      54    0.00
 12/09/2014  2014   343   343       1   19.46      46   36.00     6.7     9.0     3.0      60      63      57    0.00
 12/10/2014  2014   344   344       5   16.38      45   27.00     2.1     4.0    -1.0      54      60      51    0.00
 12/11/2014  2014   345   345       2   15.83      40   27.00    -0.9     1.0    -2.0      60      71      52    0.00
 12/12/2014  2014   346   346       4    9.17      39   19.00    -3.9    -1.0   -11.0      69      72      66    0.00
 12/13/2014  2014   347   347       3    9.96      93   21.00    -1.9     5.0   -10.0      74      82      66    0.00
 12/14/2014  2014   348   348       2    6.21      17   13.00    -5.5     1.0   -10.0      76      80      72    0.00
 12/15/2014  2014   349   349       1   14.00      27   29.00     8.9    12.0     1.0      71      79      67    0.00
 12/16/2014  2014   350   350       1   15.96      54   26.00    14.5    16.0    12.0      74      84      68    0.00
 12/17/2014  2014   351   351       3   10.42      66   20.00    16.7    17.0    15.0      89      93      81    0.00
 12/18/2014  2014   352   352       1    6.38      66   12.00    13.1    16.0     8.0      90      92      86    0.00
 12/19/2014  2014   353   353       2    5.46      59   13.00     4.8    10.0    -7.0      83      87      76    0.00
 12/20/2014  2014   354   354       3    4.67     347   16.00    -5.6     6.0   -14.0      75      79      68    0.00
 12/21/2014  2014   355   355       2    4.75     279   10.00     4.0     7.0    -5.0      82      84      77    0.00
 12/22/2014  2014   356   356       1    5.88     252   14.00     0.4     8.0   -14.0      79      85      74    0.00
 12/23/2014  2014   357   357       2    0.83     104    6.00   -15.4    -6.0   -23.0      71      76      66    0.00
 12/24/2014  2014   358   358       1    1.71     350    5.00    -1.2     4.0    -9.0      79      83      74    0.00
 12/25/2014  2014   359   359       0    4.96     274   11.00     1.6     6.0    -2.0      81      84      79    0.00
 12/26/2014  2014   360   360       1    9.04     274   20.00    -2.5     4.0   -20.0      78      82      69    0.00
 12/27/2014  2014   361   361       1   12.13      73   27.00   -11.4    11.0   -26.0      72      83      64    0.00
 12/28/2014  2014   362   362       1   15.92     108   30.00    16.0    19.0    11.0      79      85      71    0.00
 12/29/2014  2014   363   363       1   14.38      79   23.00    22.0    26.0    19.0      92      95      83    0.00
 12/30/2014  2014   364   364       1   16.25      92   26.00    29.8    32.0    26.0      99     100      94    0.00
 12/31/2014  2014   365   365       2   11.92     169   24.00    30.3    33.0    26.0      94     100      87    0.03
